<?xml version="1.0" standalone="no"?>
<!DOCTYPE svg PUBLIC "-//W3C//DTD SVG 20010904//EN"
 "http://www.w3.org/TR/2001/REC-SVG-20010904/DTD/svg10.dtd">
<svg version="1.0" xmlns="http://www.w3.org/2000/svg"
 width="1498.000000pt" height="400.000000pt" viewBox="0 0 1498.000000 400.000000"
 preserveAspectRatio="xMidYMid meet">
<metadata>
Created by potrace 1.16, written by Peter Selinger 2001-2019
</metadata>
<g transform="translate(0.000000,400.000000) scale(0.100000,-0.100000)"
fill="#000000" stroke="none">
<path d="M3221 3805 c-8 -43 6 -1721 15 -1713 1 2 7 143 13 313 15 405 20 513
32 610 16 133 44 262 62 279 8 9 19 26 23 38 7 22 42 57 57 58 5 0 28 13 51
29 81 56 277 110 534 146 231 32 262 38 262 44 0 8 -269 -28 -425 -58 -173
-32 -201 -39 -240 -55 -21 -9 -41 -14 -45 -11 -4 3 -38 -15 -75 -40 -36 -25
-70 -45 -74 -45 -18 0 -79 -68 -89 -100 -22 -67 -50 -236 -64 -375 l-13 -140
-7 495 c-6 435 -10 561 -17 525z m26 -1087 c-2 -13 -4 -3 -4 22 0 25 2 35 4
23 2 -13 2 -33 0 -45z"/>
<path d="M709 3598 c-3 -22 -1 -34 4 -29 5 5 7 21 5 37 -3 27 -4 26 -9 -8z"/>
<path d="M530 3589 c0 -5 11 -9 25 -9 14 0 25 2 25 4 0 2 -11 6 -25 8 -14 3
-25 1 -25 -3z"/>
<path d="M636 3573 c-6 -14 -5 -15 5 -6 7 7 10 15 7 18 -3 3 -9 -2 -12 -12z"/>
<path d="M553 3233 c20 -5 22 -23 5 -43 -7 -8 -4 -7 6 2 22 19 15 49 -11 47
-17 -1 -17 -2 0 -6z"/>
<path d="M605 3230 c-4 -6 -4 -14 -1 -17 3 -4 6 -1 6 5 0 15 26 16 33 2 3 -6
4 -5 3 2 -3 17 -32 22 -41 8z"/>
<path d="M676 3231 c-4 -5 3 -7 14 -4 23 6 26 13 6 13 -8 0 -17 -4 -20 -9z"/>
<path d="M712 3195 c0 -16 2 -22 5 -12 2 9 2 23 0 30 -3 6 -5 -1 -5 -18z"/>
<path d="M603 3170 c2 -8 12 -16 23 -17 13 -2 15 -1 4 4 -8 3 -19 11 -23 17
-6 7 -7 6 -4 -4z"/>
<path d="M677 3159 c7 -7 15 -10 18 -7 3 3 -2 9 -12 12 -14 6 -15 5 -6 -5z"/>
<path d="M543 3153 c9 -2 23 -2 30 0 6 3 -1 5 -18 5 -16 0 -22 -2 -12 -5z"/>
<path d="M9920 2983 c1 -52 33 -190 46 -200 37 -27 467 7 699 56 94 20 -29 10
-183 -14 -106 -17 -210 -26 -322 -28 -199 -4 -195 -6 -212 111 -6 45 -15 82
-20 82 -4 0 -8 -3 -8 -7z"/>
<path d="M12406 2884 c-9 -25 -7 -36 7 -31 6 2 22 -13 35 -35 22 -35 26 -38
71 -38 26 0 51 4 57 9 16 15 225 50 399 66 93 9 176 21 185 26 11 7 3 9 -25 5
-22 -2 -114 -12 -205 -21 -163 -16 -329 -44 -382 -64 -42 -16 -75 1 -100 54
-24 48 -32 54 -42 29z"/>
<path d="M9845 2883 c-22 -2 -107 -12 -190 -23 -301 -39 -459 -49 -493 -31 -9
4 -23 6 -29 4 -7 -3 -13 2 -13 10 0 8 -7 20 -15 27 -12 10 -15 9 -15 -4 0 -19
27 -51 44 -52 6 0 33 -4 60 -8 49 -8 89 -4 406 34 85 10 194 22 243 26 48 3
87 10 87 15 0 9 -7 9 -85 2z"/>
<path d="M4270 2811 c0 -17 7 -48 16 -70 17 -44 35 -51 147 -57 53 -3 86 2
145 21 69 22 204 52 460 102 45 9 82 20 82 25 0 10 -65 2 -135 -17 -27 -8 -77
-19 -110 -25 -33 -7 -76 -16 -95 -20 -19 -4 -62 -13 -95 -20 -33 -6 -86 -20
-117 -31 -80 -27 -198 -26 -223 1 -10 11 -21 17 -26 15 -8 -5 -13 8 -24 62 -9
43 -25 52 -25 14z"/>
<path d="M6700 2787 c0 -62 1 -63 33 -45 12 6 40 13 62 14 22 1 139 7 260 13
206 10 280 18 430 41 56 9 54 9 -30 5 -49 -2 -139 -9 -200 -14 -60 -5 -177
-13 -260 -16 -177 -7 -245 -11 -264 -16 -9 -3 -15 7 -18 31 -7 55 -13 49 -13
-13z"/>
<path d="M705 2790 c0 -21 3 -36 8 -33 4 2 7 17 7 33 0 16 -3 31 -7 33 -5 3
-8 -12 -8 -33z"/>
<path d="M553 2423 c13 -3 17 -11 13 -25 -3 -15 -2 -18 6 -10 15 15 2 42 -19
41 -17 -1 -17 -2 0 -6z"/>
<path d="M605 2420 c-4 -6 -4 -14 -1 -17 3 -4 6 -1 6 5 0 19 28 14 34 -5 4
-14 4 -14 3 2 -2 22 -31 32 -42 15z"/>
<path d="M675 2420 c-3 -6 1 -7 9 -4 18 7 21 14 7 14 -6 0 -13 -4 -16 -10z"/>
<path d="M712 2385 c0 -16 2 -22 5 -12 2 9 2 23 0 30 -3 6 -5 -1 -5 -18z"/>
<path d="M604 2358 c2 -7 11 -13 21 -13 10 0 19 6 21 13 1 7 0 8 -3 2 -2 -5
-11 -10 -18 -10 -7 0 -16 5 -18 10 -3 6 -4 5 -3 -2z"/>
<path d="M678 2348 c5 -5 16 -8 23 -6 8 3 3 7 -10 11 -17 4 -21 3 -13 -5z"/>
<path d="M543 2343 c9 -2 23 -2 30 0 6 3 -1 5 -18 5 -16 0 -22 -2 -12 -5z"/>
<path d="M636 2007 c3 -10 9 -15 12 -12 3 3 0 11 -7 18 -10 9 -11 8 -5 -6z"/>
<path d="M705 1980 c0 -21 3 -36 8 -33 4 2 7 17 7 33 0 16 -3 31 -7 33 -5 3
-8 -12 -8 -33z"/>
<path d="M535 1979 c-4 -6 -5 -12 -2 -15 2 -3 7 2 10 11 7 17 1 20 -8 4z"/>
<path d="M675 1610 c-3 -6 1 -7 9 -4 18 7 21 14 7 14 -6 0 -13 -4 -16 -10z"/>
<path d="M537 1603 c-4 -3 -7 -19 -7 -35 0 -31 24 -48 42 -30 8 8 4 9 -12 5
-21 -6 -22 -3 -18 31 2 20 3 36 3 36 -1 0 -5 -3 -8 -7z"/>
<path d="M712 1575 c0 -16 2 -22 5 -12 2 9 2 23 0 30 -3 6 -5 -1 -5 -18z"/>
<path d="M640 1551 c0 -8 -8 -11 -20 -8 -11 3 -18 1 -14 -4 3 -5 11 -9 19 -9
16 0 30 18 21 27 -3 4 -6 1 -6 -6z"/>
<path d="M678 1538 c5 -5 16 -8 23 -6 8 3 3 7 -10 11 -17 4 -21 3 -13 -5z"/>
<path d="M539 1208 c-4 -11 -7 -79 -3 -75 6 6 13 77 8 77 -2 0 -4 -1 -5 -2z"/>
<path d="M636 1197 c3 -10 9 -15 12 -12 3 3 0 11 -7 18 -10 9 -11 8 -5 -6z"/>
<path d="M709 1172 c5 -34 6 -35 9 -8 2 16 0 32 -5 37 -5 5 -7 -7 -4 -29z"/>
<path d="M566 1183 c-4 -9 -3 -20 1 -24 4 -4 9 3 9 17 2 28 -1 31 -10 7z"/>
<path d="M488 760 c2 -22 6 -40 8 -40 2 0 4 18 4 40 0 22 -3 40 -8 40 -4 0 -6
-18 -4 -40z"/>
<path d="M533 765 c-3 -9 -3 -18 -1 -21 3 -3 8 4 11 16 6 23 -1 27 -10 5z"/>
<path d="M706 733 c-6 -14 -5 -15 5 -6 7 7 10 15 7 18 -3 3 -9 -2 -12 -12z"/>
<path d="M393 360 c0 -25 2 -35 4 -22 2 12 2 32 0 45 -2 12 -4 2 -4 -23z"/>
<path d="M550 376 c0 -2 7 -7 16 -10 8 -3 12 -2 9 4 -6 10 -25 14 -25 6z"/>
<path d="M705 370 c-3 -5 -2 -18 4 -27 7 -14 9 -12 8 10 -2 30 -3 31 -12 17z"/>
<path d="M531 344 c0 -11 3 -14 6 -6 3 7 2 16 -1 19 -3 4 -6 -2 -5 -13z"/>
<path d="M613 353 c9 -2 23 -2 30 0 6 3 -1 5 -18 5 -16 0 -22 -2 -12 -5z"/>
<path d="M478 313 c6 -2 18 -2 25 0 6 3 1 5 -13 5 -14 0 -19 -2 -12 -5z"/>
<path d="M4086 292 c-2 -4 4 -8 14 -8 10 0 16 4 14 8 -3 4 -9 8 -14 8 -5 0
-11 -4 -14 -8z"/>
<path d="M6016 292 c-2 -4 4 -8 14 -8 10 0 16 4 14 8 -3 4 -9 8 -14 8 -5 0
-11 -4 -14 -8z"/>
<path d="M7946 292 c-2 -4 4 -8 14 -8 10 0 16 4 14 8 -3 4 -9 8 -14 8 -5 0
-11 -4 -14 -8z"/>
<path d="M11806 292 c-2 -4 4 -8 14 -8 10 0 16 4 14 8 -3 4 -9 8 -14 8 -5 0
-11 -4 -14 -8z"/>
<path d="M13736 292 c-2 -4 4 -8 14 -8 10 0 16 4 14 8 -3 4 -9 8 -14 8 -5 0
-11 -4 -14 -8z"/>
<path d="M14466 290 c7 -8 14 -24 17 -35 4 -19 5 -19 6 1 0 12 -7 28 -16 35
-16 12 -17 12 -7 -1z"/>
<path d="M1033 250 c0 -25 2 -35 4 -22 2 12 2 32 0 45 -2 12 -4 2 -4 -23z"/>
<path d="M1100 251 c0 -23 2 -41 4 -41 8 0 12 71 4 76 -4 3 -8 -13 -8 -35z"/>
<path d="M1673 250 c0 -25 2 -35 4 -22 2 12 2 32 0 45 -2 12 -4 2 -4 -23z"/>
<path d="M1740 250 c0 -22 2 -40 4 -40 2 0 6 18 8 40 2 22 0 40 -4 40 -5 0 -8
-18 -8 -40z"/>
<path d="M2168 250 c2 -22 6 -40 8 -40 2 0 4 18 4 40 0 22 -3 40 -8 40 -4 0
-6 -18 -4 -40z"/>
<path d="M2390 251 c0 -23 2 -41 4 -41 8 0 12 71 4 76 -4 3 -8 -13 -8 -35z"/>
<path d="M2458 283 c-2 -5 -1 -24 3 -43 l6 -35 2 43 c1 39 -3 52 -11 35z"/>
<path d="M2975 279 c-4 -5 -4 -13 -1 -16 3 -4 6 0 6 8 0 11 2 11 10 -1 6 -9
10 -10 10 -3 0 17 -17 25 -25 12z"/>
<path d="M3030 250 c0 -22 2 -40 4 -40 2 0 6 18 8 40 2 22 0 40 -4 40 -5 0 -8
-18 -8 -40z"/>
<path d="M3507 283 c-9 -9 -9 -61 1 -66 4 -3 7 12 7 34 0 21 0 39 -1 39 0 0
-4 -3 -7 -7z"/>
<path d="M3748 250 c2 -22 6 -40 8 -40 2 0 4 18 4 40 0 22 -3 40 -8 40 -4 0
-6 -18 -4 -40z"/>
<path d="M4320 251 c0 -23 2 -41 4 -41 8 0 12 71 4 76 -4 3 -8 -13 -8 -35z"/>
<path d="M4388 283 c-2 -5 -1 -24 3 -43 l6 -35 2 43 c1 39 -3 52 -11 35z"/>
<path d="M4738 250 c2 -22 6 -40 8 -40 2 0 4 18 4 40 0 22 -3 40 -8 40 -4 0
-6 -18 -4 -40z"/>
<path d="M4893 250 c0 -25 2 -35 4 -22 2 12 2 32 0 45 -2 12 -4 2 -4 -23z"/>
<path d="M4960 251 c0 -23 2 -41 4 -41 8 0 12 71 4 76 -4 3 -8 -13 -8 -35z"/>
<path d="M5025 280 c-3 -5 -1 -10 4 -10 6 0 11 5 11 10 0 6 -2 10 -4 10 -3 0
-8 -4 -11 -10z"/>
<path d="M5470 276 c0 -8 -8 -16 -17 -18 -16 -3 -15 -5 2 -9 17 -5 21 -1 23
17 1 13 0 24 -3 24 -3 0 -5 -6 -5 -14z"/>
<path d="M5533 250 c0 -25 2 -35 4 -22 2 12 2 32 0 45 -2 12 -4 2 -4 -23z"/>
<path d="M5600 250 c0 -22 2 -40 4 -40 2 0 6 18 8 40 2 22 0 40 -4 40 -5 0 -8
-18 -8 -40z"/>
<path d="M6256 277 c3 -10 9 -15 12 -12 3 3 0 11 -7 18 -10 9 -11 8 -5 -6z"/>
<path d="M6318 250 c2 -22 6 -40 8 -40 2 0 4 18 4 40 0 22 -3 40 -8 40 -4 0
-6 -18 -4 -40z"/>
<path d="M6823 250 c0 -25 2 -35 4 -22 2 12 2 32 0 45 -2 12 -4 2 -4 -23z"/>
<path d="M6862 270 c0 -14 2 -19 5 -12 2 6 2 18 0 25 -3 6 -5 1 -5 -13z"/>
<path d="M6890 251 c0 -23 2 -41 4 -41 8 0 12 71 4 76 -4 3 -8 -13 -8 -35z"/>
<path d="M6955 280 c-3 -5 -1 -10 4 -10 6 0 11 5 11 10 0 6 -2 10 -4 10 -3 0
-8 -4 -11 -10z"/>
<path d="M7608 250 c2 -22 6 -40 8 -40 2 0 4 18 4 40 0 22 -3 40 -8 40 -4 0
-6 -18 -4 -40z"/>
<path d="M8120 279 c0 -5 5 -7 10 -4 6 3 10 8 10 11 0 2 -4 4 -10 4 -5 0 -10
-5 -10 -11z"/>
<path d="M8180 251 c0 -23 2 -41 4 -41 8 0 12 71 4 76 -4 3 -8 -13 -8 -35z"/>
<path d="M8248 283 c-2 -5 -1 -24 3 -43 l6 -35 2 43 c1 39 -3 52 -11 35z"/>
<path d="M8765 279 c-4 -5 -4 -13 -1 -16 3 -4 6 0 6 8 0 11 2 11 10 -1 6 -9
10 -10 10 -3 0 17 -17 25 -25 12z"/>
<path d="M8820 250 c0 -22 2 -40 4 -40 2 0 6 18 8 40 2 22 0 40 -4 40 -5 0 -8
-18 -8 -40z"/>
<path d="M9538 250 c2 -22 6 -40 8 -40 2 0 4 18 4 40 0 22 -3 40 -8 40 -4 0
-6 -18 -4 -40z"/>
<path d="M9893 250 c0 -25 2 -35 4 -22 2 12 2 32 0 45 -2 12 -4 2 -4 -23z"/>
<path d="M9971 274 c0 -11 3 -14 6 -6 3 7 2 16 -1 19 -3 4 -6 -2 -5 -13z"/>
<path d="M10116 277 c3 -10 9 -15 12 -12 3 3 0 11 -7 18 -10 9 -11 8 -5 -6z"/>
<path d="M10178 250 c2 -22 6 -40 8 -40 2 0 4 18 4 40 0 22 -3 40 -8 40 -4 0
-6 -18 -4 -40z"/>
<path d="M10683 250 c0 -25 2 -35 4 -22 2 12 2 32 0 45 -2 12 -4 2 -4 -23z"/>
<path d="M10721 274 c0 -11 3 -14 6 -6 3 7 2 16 -1 19 -3 4 -6 -2 -5 -13z"/>
<path d="M10750 251 c0 -23 2 -41 4 -41 8 0 12 71 4 76 -4 3 -8 -13 -8 -35z"/>
<path d="M10818 283 c-2 -5 -1 -24 3 -43 l6 -35 2 43 c1 39 -3 52 -11 35z"/>
<path d="M11227 283 c-9 -9 -9 -61 1 -66 4 -3 7 12 7 34 0 21 0 39 -1 39 0 0
-4 -3 -7 -7z"/>
<path d="M11323 250 c0 -25 2 -35 4 -22 2 12 2 32 0 45 -2 12 -4 2 -4 -23z"/>
<path d="M11390 250 c0 -22 2 -40 4 -40 2 0 6 18 8 40 2 22 0 40 -4 40 -5 0
-8 -18 -8 -40z"/>
<path d="M12108 250 c2 -22 6 -40 8 -40 2 0 4 18 4 40 0 22 -3 40 -8 40 -4 0
-6 -18 -4 -40z"/>
<path d="M12458 250 c2 -22 6 -40 8 -40 2 0 4 18 4 40 0 22 -3 40 -8 40 -4 0
-6 -18 -4 -40z"/>
<path d="M12625 279 c-4 -6 -5 -12 -2 -15 2 -3 7 2 10 11 7 17 1 20 -8 4z"/>
<path d="M12680 250 c0 -22 2 -40 4 -40 2 0 6 18 8 40 2 22 0 40 -4 40 -5 0
-8 -18 -8 -40z"/>
<path d="M13398 250 c2 -22 6 -40 8 -40 2 0 4 18 4 40 0 22 -3 40 -8 40 -4 0
-6 -18 -4 -40z"/>
<path d="M13910 279 c0 -5 5 -7 10 -4 6 3 10 8 10 11 0 2 -4 4 -10 4 -5 0 -10
-5 -10 -11z"/>
<path d="M13970 251 c0 -23 2 -41 4 -41 8 0 12 71 4 76 -4 3 -8 -13 -8 -35z"/>
<path d="M14038 283 c-2 -5 -1 -24 3 -43 l6 -35 2 43 c1 39 -3 52 -11 35z"/>
<path d="M14555 279 c-4 -6 -5 -12 -2 -15 2 -3 7 2 10 11 7 17 1 20 -8 4z"/>
<path d="M14610 250 c0 -22 2 -40 4 -40 2 0 6 18 8 40 2 22 0 40 -4 40 -5 0
-8 -18 -8 -40z"/>
<path d="M1502 255 c0 -16 2 -22 5 -12 2 9 2 23 0 30 -3 6 -5 -1 -5 -18z"/>
<path d="M3432 255 c0 -16 2 -22 5 -12 2 9 2 23 0 30 -3 6 -5 -1 -5 -18z"/>
<path d="M5362 255 c0 -16 2 -22 5 -12 2 9 2 23 0 30 -3 6 -5 -1 -5 -18z"/>
<path d="M6216 263 c-6 -14 -5 -15 5 -6 7 7 10 15 7 18 -3 3 -9 -2 -12 -12z"/>
<path d="M6761 260 c0 -15 -4 -30 -8 -36 -5 -5 -2 -4 5 2 8 6 12 22 9 35 -4
24 -4 24 -6 -1z"/>
<path d="M8619 248 c-3 -22 -1 -34 4 -29 5 5 7 21 5 37 -3 27 -4 26 -9 -8z"/>
<path d="M9222 255 c0 -16 2 -22 5 -12 2 9 2 23 0 30 -3 6 -5 -1 -5 -18z"/>
<path d="M10076 263 c-6 -14 -5 -15 5 -6 7 7 10 15 7 18 -3 3 -9 -2 -12 -12z"/>
<path d="M10549 248 c-3 -22 -1 -34 4 -29 5 5 7 21 5 37 -3 27 -4 26 -9 -8z"/>
<path d="M11152 255 c0 -16 2 -22 5 -12 2 9 2 23 0 30 -3 6 -5 -1 -5 -18z"/>
<path d="M12006 263 c-6 -14 -5 -15 5 -6 7 7 10 15 7 18 -3 3 -9 -2 -12 -12z"/>
<path d="M13082 255 c0 -16 2 -22 5 -12 2 9 2 23 0 30 -3 6 -5 -1 -5 -18z"/>
<path d="M14409 248 c-3 -22 -1 -34 4 -29 5 5 7 21 5 37 -3 27 -4 26 -9 -8z"/>
<path d="M2350 259 c0 -6 -7 -9 -15 -5 -8 3 -15 2 -15 -3 0 -5 11 -11 24 -13
19 -4 22 -1 18 14 -5 20 -12 24 -12 7z"/>
<path d="M3608 252 c-4 -15 -1 -18 18 -14 13 2 24 9 24 14 0 5 -5 6 -11 2 -6
-3 -15 -1 -19 6 -5 8 -9 6 -12 -8z"/>
<path d="M4071 254 c0 -11 3 -14 6 -6 3 7 2 16 -1 19 -3 4 -6 -2 -5 -13z"/>
<path d="M4122 250 c0 -14 2 -19 5 -12 2 6 2 18 0 25 -3 6 -5 1 -5 -13z"/>
<path d="M4280 259 c0 -6 -7 -9 -15 -5 -8 3 -15 2 -15 -3 0 -5 11 -11 24 -13
19 -4 22 -1 18 14 -5 20 -12 24 -12 7z"/>
<path d="M6001 254 c0 -11 3 -14 6 -6 3 7 2 16 -1 19 -3 4 -6 -2 -5 -13z"/>
<path d="M6052 250 c0 -14 2 -19 5 -12 2 6 2 18 0 25 -3 6 -5 1 -5 -13z"/>
<path d="M7931 254 c0 -11 3 -14 6 -6 3 7 2 16 -1 19 -3 4 -6 -2 -5 -13z"/>
<path d="M7982 250 c0 -14 2 -19 5 -12 2 6 2 18 0 25 -3 6 -5 1 -5 -13z"/>
<path d="M8032 261 c-11 -7 -11 -9 0 -14 9 -3 15 1 15 9 0 8 -1 14 -1 14 -1 0
-7 -4 -14 -9z"/>
<path d="M8140 259 c0 -6 -7 -9 -15 -5 -8 3 -15 2 -15 -3 0 -5 11 -11 24 -13
19 -4 22 -1 18 14 -5 20 -12 24 -12 7z"/>
<path d="M11791 254 c0 -11 3 -14 6 -6 3 7 2 16 -1 19 -3 4 -6 -2 -5 -13z"/>
<path d="M11842 250 c0 -14 2 -19 5 -12 2 6 2 18 0 25 -3 6 -5 1 -5 -13z"/>
<path d="M13721 254 c0 -11 3 -14 6 -6 3 7 2 16 -1 19 -3 4 -6 -2 -5 -13z"/>
<path d="M13772 250 c0 -14 2 -19 5 -12 2 6 2 18 0 25 -3 6 -5 1 -5 -13z"/>
<path d="M13792 250 c0 -14 2 -19 5 -12 2 6 2 18 0 25 -3 6 -5 1 -5 -13z"/>
<path d="M13931 261 c-1 -7 -7 -11 -15 -8 -14 6 -32 -21 -21 -31 3 -3 5 0 5 6
0 7 9 12 20 12 11 0 20 -5 20 -12 0 -6 2 -9 5 -6 3 3 1 16 -4 29 -5 13 -10 18
-10 10z"/>
<path d="M4809 243 c-13 -16 -12 -17 4 -4 9 7 17 15 17 17 0 8 -8 3 -21 -13z"/>
<path d="M6071 244 c0 -11 3 -14 6 -6 3 7 2 16 -1 19 -3 4 -6 -2 -5 -13z"/>
<path d="M6116 247 c3 -10 9 -15 12 -12 3 3 0 11 -7 18 -10 9 -11 8 -5 -6z"/>
<path d="M7483 250 c-30 -12 -29 -18 2 -12 14 2 25 8 25 13 0 5 -1 9 -2 8 -2
0 -13 -4 -25 -9z"/>
<path d="M9413 250 c-30 -12 -29 -18 2 -12 14 2 25 8 25 13 0 5 -1 9 -2 8 -2
0 -13 -4 -25 -9z"/>
<path d="M12527 242 c-24 -26 -21 -32 11 -31 24 2 25 2 4 6 -23 4 -23 5 -6 24
9 10 15 19 12 19 -3 0 -12 -8 -21 -18z"/>
<path d="M13173 253 c13 -3 17 -11 13 -25 -3 -15 -2 -18 6 -10 15 15 2 42 -19
41 -17 -1 -17 -2 0 -6z"/>
<path d="M13273 250 c-30 -12 -29 -18 2 -12 14 2 25 8 25 13 0 5 -1 9 -2 8 -2
0 -13 -4 -25 -9z"/>
<path d="M897 231 c-4 -17 -3 -21 5 -13 5 5 8 16 6 23 -3 8 -7 3 -11 -10z"/>
<path d="M967 231 c-4 -17 -3 -21 5 -13 5 5 8 16 6 23 -3 8 -7 3 -11 -10z"/>
<path d="M2225 230 c-18 -20 -17 -20 11 -19 18 1 22 3 11 6 -14 4 -16 8 -6 19
18 22 4 17 -16 -6z"/>
<path d="M2827 231 c-4 -17 -3 -21 5 -13 5 5 8 16 6 23 -3 8 -7 3 -11 -10z"/>
<path d="M2960 246 c0 -2 11 -6 25 -8 14 -3 25 -1 25 3 0 5 -11 9 -25 9 -14 0
-25 -2 -25 -4z"/>
<path d="M3701 245 c0 -5 3 -16 8 -23 7 -11 9 -10 14 3 4 9 3 14 -2 10 -5 -3
-12 1 -14 7 -3 7 -6 9 -6 3z"/>
<path d="M6687 231 c-4 -17 -3 -21 5 -13 5 5 8 16 6 23 -3 8 -7 3 -11 -10z"/>
<path d="M7561 245 c0 -5 3 -16 8 -23 7 -11 9 -10 14 3 4 9 3 14 -2 10 -5 -3
-12 1 -14 7 -3 7 -6 9 -6 3z"/>
<path d="M8687 231 c-4 -17 -3 -21 5 -13 5 5 8 16 6 23 -3 8 -7 3 -11 -10z"/>
<path d="M8750 246 c0 -2 11 -6 25 -8 14 -3 25 -1 25 3 0 5 -11 9 -25 9 -14 0
-25 -2 -25 -4z"/>
<path d="M9491 245 c0 -5 3 -16 8 -23 7 -11 9 -10 14 3 4 9 3 14 -2 10 -5 -3
-12 1 -14 7 -3 7 -6 9 -6 3z"/>
<path d="M9945 230 c-18 -20 -17 -20 11 -19 18 1 22 3 11 6 -14 4 -16 8 -6 19
18 22 4 17 -16 -6z"/>
<path d="M11440 241 c0 -7 -4 -9 -10 -6 -6 4 -7 -1 -3 -11 6 -15 7 -15 15 1 6
9 7 19 4 22 -3 4 -6 1 -6 -6z"/>
<path d="M12610 246 c0 -2 11 -6 25 -8 14 -3 25 -1 25 3 0 5 -11 9 -25 9 -14
0 -25 -2 -25 -4z"/>
<path d="M13351 245 c0 -5 3 -16 8 -23 7 -11 9 -10 14 3 4 9 3 14 -2 10 -5 -3
-12 1 -14 7 -3 7 -6 9 -6 3z"/>
<path d="M14540 246 c0 -2 11 -6 25 -8 14 -3 25 -1 25 3 0 5 -11 9 -25 9 -14
0 -25 -2 -25 -4z"/>
<path d="M1777 223 c3 -7 6 -13 8 -13 2 0 5 6 8 13 3 8 -1 14 -8 14 -7 0 -11
-6 -8 -14z"/>
<path d="M2896 223 c-6 -14 -5 -15 5 -6 7 7 10 15 7 18 -3 3 -9 -2 -12 -12z"/>
<path d="M3066 227 c3 -10 9 -15 12 -12 3 3 0 11 -7 18 -10 9 -11 8 -5 -6z"/>
<path d="M5637 223 c3 -7 6 -13 8 -13 2 0 5 6 8 13 3 8 -1 14 -8 14 -7 0 -11
-6 -8 -14z"/>
<path d="M6287 233 c-4 -3 -7 -11 -7 -17 0 -6 5 -5 12 2 6 6 9 14 7 17 -3 3
-9 2 -12 -2z"/>
<path d="M8850 231 c0 -5 5 -13 10 -16 6 -3 10 -2 10 4 0 5 -4 13 -10 16 -5 3
-10 2 -10 -4z"/>
<path d="M10145 229 c-4 -6 -5 -12 -2 -15 2 -3 7 2 10 11 7 17 1 20 -8 4z"/>
<path d="M10612 224 c-7 -8 -8 -14 -3 -14 10 0 25 19 20 25 -2 1 -10 -3 -17
-11z"/>
<path d="M12075 229 c-4 -6 -5 -12 -2 -15 2 -3 7 2 10 11 7 17 1 20 -8 4z"/>
<path d="M12710 231 c0 -5 5 -13 10 -16 6 -3 10 -2 10 4 0 5 -4 13 -10 16 -5
3 -10 2 -10 -4z"/>
<path d="M14640 231 c0 -5 5 -13 10 -16 6 -3 10 -2 10 4 0 5 -4 13 -10 16 -5
3 -10 2 -10 -4z"/>
<path d="M4170 220 c-9 -6 -10 -10 -3 -10 6 0 15 5 18 10 8 12 4 12 -15 0z"/>
<path d="M11890 220 c-9 -6 -10 -10 -3 -10 6 0 15 5 18 10 8 12 4 12 -15 0z"/>
<path d="M4098 213 c7 -3 16 -2 19 1 4 3 -2 6 -13 5 -11 0 -14 -3 -6 -6z"/>
<path d="M4803 213 c9 -2 23 -2 30 0 6 3 -1 5 -18 5 -16 0 -22 -2 -12 -5z"/>
<path d="M6028 213 c7 -3 16 -2 19 1 4 3 -2 6 -13 5 -11 0 -14 -3 -6 -6z"/>
<path d="M7373 213 c9 -2 23 -2 30 0 6 3 -1 5 -18 5 -16 0 -22 -2 -12 -5z"/>
<path d="M7958 213 c7 -3 16 -2 19 1 4 3 -2 6 -13 5 -11 0 -14 -3 -6 -6z"/>
<path d="M11818 213 c7 -3 16 -2 19 1 4 3 -2 6 -13 5 -11 0 -14 -3 -6 -6z"/>
<path d="M13748 213 c7 -3 16 -2 19 1 4 3 -2 6 -13 5 -11 0 -14 -3 -6 -6z"/>
<path d="M1715 120 c-3 -6 1 -7 9 -4 18 7 21 14 7 14 -6 0 -13 -4 -16 -10z"/>
<path d="M4513 85 c0 -27 2 -38 4 -22 2 15 2 37 0 50 -2 12 -4 0 -4 -28z"/>
<path d="M10220 126 c0 -2 7 -7 16 -10 8 -3 12 -2 9 4 -6 10 -25 14 -25 6z"/>
<path d="M13480 85 c0 -27 2 -46 5 -43 8 8 9 77 2 85 -4 3 -7 -15 -7 -42z"/>
<path d="M1881 104 c0 -11 3 -14 6 -6 3 7 2 16 -1 19 -3 4 -6 -2 -5 -13z"/>
<path d="M4255 109 c-4 -6 -5 -12 -2 -15 2 -3 7 2 10 11 7 17 1 20 -8 4z"/>
<path d="M5031 104 c0 -11 3 -14 6 -6 3 7 2 16 -1 19 -3 4 -6 -2 -5 -13z"/>
<path d="M9459 88 c4 -28 6 -29 9 -9 2 13 0 27 -5 32 -6 6 -7 -3 -4 -23z"/>
<path d="M13718 80 c2 -22 6 -40 8 -40 2 0 4 18 4 40 0 22 -3 40 -8 40 -4 0
-6 -18 -4 -40z"/>
<path d="M14071 104 c0 -11 3 -14 6 -6 3 7 2 16 -1 19 -3 4 -6 -2 -5 -13z"/>
<path d="M1752 85 c0 -16 2 -22 5 -12 2 9 2 23 0 30 -3 6 -5 -1 -5 -18z"/>
<path d="M4402 80 c0 -19 2 -27 5 -17 2 9 2 25 0 35 -3 9 -5 1 -5 -18z"/>
<path d="M4922 85 c0 -16 2 -22 5 -12 2 9 2 23 0 30 -3 6 -5 -1 -5 -18z"/>
<path d="M13370 81 c0 -17 4 -32 8 -35 4 -2 6 11 4 30 -5 42 -12 45 -12 5z"/>
<path d="M13812 85 c0 -16 2 -22 5 -12 2 9 2 23 0 30 -3 6 -5 -1 -5 -18z"/>
<path d="M13962 85 c0 -16 2 -22 5 -12 2 9 2 23 0 30 -3 6 -5 -1 -5 -18z"/>
<path d="M14136 93 c-6 -14 -5 -15 5 -6 7 7 10 15 7 18 -3 3 -9 -2 -12 -12z"/>
<path d="M1031 84 c0 -11 3 -14 6 -6 3 7 2 16 -1 19 -3 4 -6 -2 -5 -13z"/>
<path d="M1101 85 c0 -12 -5 -26 -11 -33 -5 -7 -3 -6 6 2 9 7 14 22 11 32 -4
17 -5 17 -6 -1z"/>
<path d="M1223 85 c-3 -9 -3 -18 -1 -21 3 -3 8 4 11 16 6 23 -1 27 -10 5z"/>
<path d="M1267 79 c4 -13 8 -18 11 -10 2 7 -1 18 -6 23 -8 8 -9 4 -5 -13z"/>
<path d="M1432 70 c0 -19 2 -27 5 -17 2 9 2 25 0 35 -3 9 -5 1 -5 -18z"/>
<path d="M4347 93 c-9 -9 -9 -41 1 -46 4 -3 7 8 7 24 0 16 0 29 -1 29 0 0 -4
-3 -7 -7z"/>
<path d="M4587 93 c-9 -9 -9 -41 1 -46 4 -3 7 8 7 24 0 16 0 29 -1 29 0 0 -4
-3 -7 -7z"/>
<path d="M4652 70 c0 -19 2 -27 5 -17 2 9 2 25 0 35 -3 9 -5 1 -5 -18z"/>
<path d="M4733 85 c0 -7 6 -11 14 -8 7 3 13 6 13 8 0 2 -6 5 -13 8 -8 3 -14
-1 -14 -8z"/>
<path d="M13221 84 c0 -12 7 -28 17 -35 15 -12 16 -12 6 1 -7 8 -14 24 -17 35
-4 19 -5 19 -6 -1z"/>
<path d="M13291 84 c0 -11 3 -14 6 -6 3 7 2 16 -1 19 -3 4 -6 -2 -5 -13z"/>
<path d="M13313 85 c-3 -9 -3 -18 -1 -21 3 -3 8 4 11 16 6 23 -1 27 -10 5z"/>
<path d="M13527 79 c4 -13 8 -18 11 -10 2 7 -1 18 -6 23 -8 8 -9 4 -5 -13z"/>
<path d="M13620 70 c0 -39 6 -39 12 0 3 16 1 30 -4 30 -4 0 -8 -13 -8 -30z"/>
<path d="M1338 67 c-3 -19 -2 -25 4 -19 6 6 8 18 6 28 -3 14 -5 12 -10 -9z"/>
<path d="M1659 73 c-13 -16 -12 -17 4 -4 16 13 21 21 13 21 -2 0 -10 -8 -17
-17z"/>
<path d="M9628 67 c-3 -19 -2 -25 4 -19 6 6 8 18 6 28 -3 14 -5 12 -10 -9z"/>
<path d="M10159 73 c-13 -16 -12 -17 4 -4 9 7 17 15 17 17 0 8 -8 3 -21 -13z"/>
<path d="M10227 72 c-23 -25 -21 -32 6 -31 18 1 18 2 4 6 -18 5 -18 6 -1 24 9
10 15 19 12 19 -3 0 -12 -8 -21 -18z"/>
<path d="M13410 71 c0 -11 4 -22 9 -25 4 -3 6 6 3 19 -5 30 -12 33 -12 6z"/>
<path d="M1785 60 c-18 -20 -17 -20 11 -19 18 1 22 3 11 6 -14 4 -16 8 -6 19
18 22 4 17 -16 -6z"/>
<path d="M1855 60 c-18 -20 -17 -20 11 -19 18 1 22 3 11 6 -14 4 -16 8 -6 19
18 22 4 17 -16 -6z"/>
<path d="M4865 60 c-18 -20 -17 -20 11 -19 18 1 22 3 11 6 -14 4 -16 8 -6 19
18 22 4 17 -16 -6z"/>
<path d="M10107 61 c-4 -17 -3 -21 5 -13 5 5 8 16 6 23 -3 8 -7 3 -11 -10z"/>
<path d="M13905 60 c-18 -20 -17 -20 11 -19 18 1 22 3 11 6 -14 4 -16 8 -6 19
18 22 4 17 -16 -6z"/>
<path d="M4766 53 c-6 -14 -5 -15 5 -6 7 7 10 15 7 18 -3 3 -9 -2 -12 -12z"/>
<path d="M9660 61 c0 -6 4 -13 10 -16 6 -3 7 1 4 9 -7 18 -14 21 -14 7z"/>
<path d="M4300 50 c-9 -6 -10 -10 -3 -10 6 0 15 5 18 10 8 12 4 12 -15 0z"/>
<path d="M9407 49 c7 -7 15 -10 18 -7 3 3 -2 9 -12 12 -14 6 -15 5 -6 -5z"/>
<path d="M9900 50 c-9 -6 -10 -10 -3 -10 6 0 15 5 18 10 8 12 4 12 -15 0z"/>
<path d="M13270 50 c-9 -6 -10 -10 -3 -10 6 0 15 5 18 10 8 12 4 12 -15 0z"/>
<path d="M1653 43 c9 -2 23 -2 30 0 6 3 -1 5 -18 5 -16 0 -22 -2 -12 -5z"/>
<path d="M1728 43 c7 -3 16 -2 19 1 4 3 -2 6 -13 5 -11 0 -14 -3 -6 -6z"/>
<path d="M5003 43 c9 -2 23 -2 30 0 6 3 -1 5 -18 5 -16 0 -22 -2 -12 -5z"/>
<path d="M5073 43 c9 -2 23 -2 30 0 6 3 -1 5 -18 5 -16 0 -22 -2 -12 -5z"/>
<path d="M10013 43 c9 -2 23 -2 30 0 6 3 -1 5 -18 5 -16 0 -22 -2 -12 -5z"/>
<path d="M10153 43 c9 -2 23 -2 30 0 6 3 -1 5 -18 5 -16 0 -22 -2 -12 -5z"/>
<path d="M14043 43 c9 -2 23 -2 30 0 6 3 -1 5 -18 5 -16 0 -22 -2 -12 -5z"/>
<path d="M14113 43 c9 -2 23 -2 30 0 6 3 -1 5 -18 5 -16 0 -22 -2 -12 -5z"/>
</g>
</svg>
